3001865902977972451822292256142368833350531987457081493952143059962233671462134403337453350116384391844974671399687462867438976643898856226980933260713096
1685808929869649652630435066559918070601483990725045772989027630927933631256903044865093991119662042617297832336312480437698913554373454026588646198980870
122887293926141825364609961851666224780439067355858841760910907280920984310493356174633282906674676206556841658162727333296306303654734044956027948883257
2988685917260700276348474047041421953844085888251865239709083203146046107955657893686565264662179281307653334088576440322600418525810202974297360804199923
382793442026333281900619753605184175012572832646035929043728805905387433667951309457310220533760888720614614938486513668671823534817284016249571201519667
1426131514896419695499074482520999604419201135783263747962892033690865675481407987162919674942921614733684925235249888124531709020750676516739303820775312
530161538228287062287499539693089515882015513160744310898700726836379923787627122345802434877745127813612161111281286587141883260992838273692331331084383
77104010922725685607257385281359553613311661517578373129775373814797997870791212964167104388991630234541615476659786885361906345215406136279264062136198
1352199521109631517113956254846514796009924702401914991919648491653576116811942225857505905324958807252530228277203340137001391516058811573054944367932113
784633538036425250138229149594046685834671977218541187717692326883678676697903767828382004242256047552899103359091166872832284518125300395781151305878689
1727227993631365220867149911502093028361033900379467536927480741265401125129794357590826753188725216399166521847277697517455723996035520932544329610826912
2393065270025020579576946917843561187272204263732511884310329876132608740653783316764486094432000463354310751057187022876748022695476416635296568677598169
2708627245832464500453861216619888540863512996143851290841162544976494311949023430092052092320686597274680571916044841504248230764314536251783342443721817
219124363099727779339612224539840255678530692789288699000938962980423691769433785519763116602675549073765261539327924265837755072590545353009101556330976
1858760920778993905568452763405476602573432751379152732045185381522542857543383747082928263988677613110873397380695237883283097889994064286638552627935547
2697158077804200068522011527493359982904187969261151976990381814408676170254593101065524498290925858600676418968821554390532223367901550697336529598969107
720342524169874427652618269465912429633346336550345128734038654004187837369527191844468192386702588253935850135771198795370493020331884706857974905255803
1925707083700391466473413020431312824726975598652103872523358402046424905815077908890675578139479628257286636923146788309729753275905177215923423134855142
353823076072540054733844678267818934406904523033795845038249740249229987169653078213813632599331115777675263031786889324823751384217665744513373392162193
2496271997259937144601337243296759595645545274576962524747483124338651591585627732028390938861006085122895187412237649699935322923220407012390934275054394
2773119869539126066386739991275147783149026657083891501896621419165224337623658379088634619647382541783389012672308583713990945721596064365370285323638628
996092895706815170684774904507887288831680935518211451799773534532877978496003227744025156185627692633965926327454116423246121304378839476020988341659166
1219912546943620266221712074712958142817777372404010890471095604220394439213174964186401926375204107464878109636274479607484243301247400260344895192122651
1445773888050583376352909783638119384576113640491879797386125685251989025782604191469957315780732226411524994607933358417231519009685352977033285768763797
1023930126448004306619076645902987420256729988834713994866581742328742105304006142495602350498411773500752272539110257962388376825980833443830364080673675
530850205375014311728637362520822841246569446364410247015143344354213714830323317374475192216884085151301963440876991017452424959826847044419208535957757
2877130514473643195958548367066558069777379428227489492443780214849917795153627066420293305469861870652538354353898473062815135665072944975326263730383218
2877130514473643195958548367066558069777379428227489492443780214849917795153627066420293305469861870652538354353898473062815135665072944975326263730383218
24718128125718765255107242784335321532803333798811739947070121094773346873570546270434159112929473242825088544855973492837163369203042528589958875433639
2274520588161684079924885221577907426136238479309422072070698113688579173321830826491534435752664745253183384104661621195637938233298279558686873634605138
757391249626362124930600344838390019890057251977797383713914445587504973414975873801216795230441678495403018789411578079317605171597637013536090741469266
666178628276444002516339592381672834101934744282911353682203579643889085475109176780938343543095946613609347107602024665085897192639021448971581728800215
2896004110921769098641761303113018692280934359708571738793556051034081241563463566214042731170560704419959406118231769926417478273136086325817268081115913
1138769026312055487732981681087003487910254611346237357442650465482275909518747035516029357668840777240566960859682483961111620762226769532374755542229363
2630947578376620806910119695124586693544677499425939769906856661153516008892049715347001532066961579188021745442528353897081279025307376014523350022076838
2430525748444362256196541074905427587663249857284973231039117049680690061792014673525747074760315013278538224073455827787657665904766058214794356099021850
2772941136309812190928369057879146171923282205860191082416013843748060618698904899904448264131125356567350195067692727699346328698672456271066676337456862
991451811401486939982636569379992480051451681786751293754251906902330779279699754028824537189181366520344287851351728621703134072601859172611839013643705
694348742681690678197234842254705979444254656407390098514414068263977084352884408853540350902090695081080816820376510678989249939307755743088213532312454
1426511063828707470325295126508066430446675139483395021316075984460050312258156829483354484140891245419713903471866791896084380363774371630151241706610522
1579367820446296179333046505562208311165446597738312024732433235847863986339768987168246939371239545758247671049695503301924072353566558640954709843559828
1440405718564890100499038457928082734263277735622669213439325049751258102891241174139969905104100091997179576004443232709788827652636200784350725356619058
