18
    24   00125       13087     13.7      5.3    955.8   2475.6 Aberdeen town
    24   00400       13524      7.8      3.0   1742.8   4513.8 Adelphi CDP
    24   01600       33187     16.4      6.3   2025.5   5245.9 Annapolis city
    24   01975       19750     16.8      6.5   1174.1   3041.0 Arbutus CDP
    24   02275       20261     28.0     10.8    724.2   1875.8 Arnold CDP
    24   04000      736014    209.3     80.8   3516.6   9108.0 Baltimore city
    24   04475         170      1.3      0.5    134.9    349.4 Barnesville town
    24   04625         530      0.6      0.2    870.3   2254.0 Barton town
    24   06800        2616      5.2      2.0    502.5   1301.5 Berlin town
    24   07125       62936     38.4     14.8   1639.0   4245.1 Bethesda CDP
    24   07850        8064      2.6      1.0   3158.6   8180.9 Bladensburg town
    24   08625        2445      2.8      1.1    870.4   2254.4 Boonsboro town
    24   08775       37589     33.3     12.9   1128.6   2923.1 Bowie city
    24   09325        1406     11.1      4.3    126.8    328.4 Brandywine CDP
    24   10575          64      0.1      0.0    609.5   1578.7 Brookview town
    24   11400         194      1.1      0.4    182.2    471.8 Burkittsville town
    24   11750        5853     20.2      7.8    289.1    748.9 Burtonsville CDP
    24   12350       12046     12.4      4.8    971.7   2516.7 Calverton CDP
