989
11
17
4
17
10
7
6
15
21
23
17
8
10
7
16
23
12
11
17
22
14
6
11
7
8
14
6
7
19
18
14
23
7
17
13
16
4
10
21
10
14
16
6
9
11
19
15
14
17
9
10
7
22
19
15
23
15
11
13
20
22
12
7
22
10
7
7
23
10
23
7
5
10
16
8
8
4
17
12
12
8
5
21
7
4
8
11
21
15
16
25
3
23
14
7
16
21
20
20
23
4
10
19
12
7
7
5
9
19
11
14
16
10
14
13
20
20
11
15
11
15
15
4
11
10
9
11
20
13
13
9
6
17
8
3
15
11
13
15
14
19
11
13
9
15
14
7
5
13
15
21
6
7
13
7
9
23
19
3
11
14
22
22
9
17
23
14
8
15
21
8
25
15
16
21
12
13
10
21
6
18
13
11
18
16
10
21
14
15
13
19
21
21
17
12
17
14
14
15
13
20
17
22
10
12
21
14
12
12
14
14
13
11
16
18
21
14
14
20
10
23
12
10
23
16
4
4
6
17
16
13
9
13
2
8
12
4
19
11
21
15
15
6
9
19
7
11
13
12
18
15
15
16
21
12
12
16
20
11
17
15
16
13
14
19
23
25
18
21
16
19
12
7
7
9
14
13
15
20
16
13
14
13
14
21
10
21
17
14
7
24
11
11
11
9
23
14
6
5
14
11
7
6
10
9
6
13
18
11
21
18
14
5
14
14
13
11
10
19
13
13
10
15
13
19
19
13
22
16
5
12
18
17
17
10
12
15
10
12
7
7
18
22
16
11
16
14
21
11
13
16
20
22
13
15
16
9
2
11
18
15
18
17
9
23
15
12
19
13
4
13
10
15
15
7
10
15
14
14
15
11
13
12
15
16
17
15
12
12
18
23
4
18
9
18
6
2
13
14
14
25
7
19
17
9
13
10
18
10
7
15
20
8
8
10
15
4
22
18
16
10
21
20
8
7
22
14
13
11
7
7
16
5
22
15
11
14
8
8
13
15
10
13
16
10
17
7
17
9
10
13
14
17
24
9
15
9
10
12
9
10
25
11
16
4
23
11
19
7
16
14
8
16
12
5
14
9
17
19
4
12
17
11
13
11
12
7
13
23
4
19
17
17
12
6
21
18
2
8
22
17
20
2
11
20
14
17
7
16
21
21
15
19
18
6
22
12
10
11
12
10
8
17
10
10
15
12
23
10
18
18
18
3
14
14
7
14
13
3
15
16
20
13
20
7
17
24
15
15
14
7
17
13
5
14
20
13
18
8
10
24
14
12
10
11
18
10
13
13
18
13
7
15
24
15
13
9
22
20
10
7
23
15
17
6
20
7
6
17
7
12
20
10
17
14
20
20
15
6
11
12
15
19
15
12
19
16
22
9
18
16
19
21
6
14
24
9
21
9
4
21
11
15
12
16
10
5
7
12
14
17
14
14
18
6
14
24
13
13
12
2
15
18
20
7
9
25
13
21
14
16
14
10
13
10
18
13
19
13
24
14
20
16
14
13
11
7
15
10
15
19
8
11
12
20
8
5
22
21
19
14
12
14
11
9
20
6
11
20
17
21
24
2
7
18
9
14
13
14
15
12
11
17
10
6
25
3
13
7
7
19
19
12
10
15
7
13
20
15
2
20
23
13
19
8
21
4
20
17
16
23
11
7
13
9
16
4
19
23
12
15
18
18
12
8
6
14
26
8
3
16
11
17
24
17
19
16
13
12
8
16
24
19
14
26
7
7
12
21
14
21
18
11
9
6
3
10
15
24
19
19
19
5
2
15
15
15
10
12
7
15
18
12
6
13
9
10
11
18
21
18
17
3
20
10
12
14
13
11
21
3
8
17
19
17
16
9
19
21
9
5
6
9
17
8
10
14
14
7
3
22
12
14
23
21
15
13
8
15
6
14
10
8
10
20
17
7
12
24
16
4
13
15
12
12
2
22
4
11
9
6
10
7
5
18
16
7
11
14
14
15
11
18
15
18
22
25
11
15
16
16
5
11
19
12
25
10
16
15
21
17
23
11
14
11
12
25
15
11
14
4
15
23
6
24
22
17
20
11
17
12
18
10
12
15
21
11
10
16
8
14
5
10
8
6
24
17
6
22
23
9
14
2
20
14
21
20
21
12
2
16
13
15
9
3
7
13
10
9
12
17
15
10
13
15
16
15
17
23
14
8
2
20
14
17
3
12
5
5
14
12
11
17
5
15
17
18
9
7
17
13
18
14
17
22
21
11
8
10
