207
11
17
4
17
10
7
6
15
21
23
17
8
10
7
16
23
12
11
17
22
14
6
11
7
8
14
6
7
19
18
14
23
7
17
13
16
4
10
21
10
14
16
6
9
11
19
15
14
17
9
10
7
22
19
15
23
15
11
13
20
22
12
7
22
10
7
7
23
10
23
7
5
10
16
8
8
4
17
12
12
8
5
21
7
4
8
11
21
15
16
25
3
23
14
7
16
21
20
20
23
4
10
19
12
7
7
5
9
19
11
14
16
10
14
13
20
20
11
15
11
15
15
4
11
10
9
11
20
13
13
9
6
17
8
3
15
11
13
15
14
19
11
13
9
15
14
7
5
13
15
21
6
7
13
7
9
23
19
3
11
14
22
22
9
17
23
14
8
15
21
8
25
15
16
21
12
13
10
21
6
18
13
11
18
16
10
21
14
15
13
19
21
21
17
12
17
14
14
15
13
20
17
22
10
12
21
14
